rs1 0.165514438478 0.043341591019 0.15700374881 0.026187284199 0.104360015324 0.025415775752
rs2 0.113328685307 0.043186749108 0.0769610411361 0.025885066369 0.148420005118 0.026413438505
rs3 0.182321556794 0.061180115121 0.182321556794 0.034064130772 0.173953307123 0.036352056788
rs4 0.392042087776 0.073886044026 0.148420005118 0.102538307653 0.122217632724 0.067523610772
rs5 0.104360015324 0.041458910586 0.0295588022415 0.064110823541 0.207014169384 0.028601351561
rs6 0.182321556794 0.055489870857 0.0861776962411 0.035323896496 0.207014169384 0.065666328609
rs7 0.165514438478 0.042975643401 0.0676586484738 0.037862246204 0.113328685307 0.029776600589
rs8 0.0953101798043 0.041837493946 0.131028262406 0.035862742505 0.122217632724 0.027115984349
rs9 0.292669613963 0.053100959273 0.322083499169 0.027655433293 0.31481073984 0.044804226695
rs10 0.104360015324 0.043575952121 0.139761942375 0.026643536573 0.139761942375 0.044477904884
rs11 0.148420005118 0.026413438505 0.0769610411361 0.025885066369 0.113328685307 0.043186749108
rs00 0.15 0.05 0.15 0.05 0.15 0.05 
